Cage Id	Age (months)	Sex	Strain	Genotype	Date of Recording	RR Interval (s)	Heart Rate (BPM)	PR Interval (s)	P Duration (s)	QRS Interval (s)	QT Interval (s)	QTc (s)	JT Interval (s)	Tpeak Tend Interval (s)	P Amplitude (mV)	Q Amplitude (mV)	R Amplitude (mV)	S Amplitude (mV)	ST Height (mV)	T Amplitude (mV)	First Beat	Last Beat
103753-1	22	F	Ank B	WT	10/11/2023	0.091	661	0.03357	0.01103	0.008642	0.01834	0.01926	0.009702	0.007261	0.09859	-0.01243	0.7722	-0.3436	0.1237	0.2293	203410	203413
103753-2	22	F	Ank B	WT	10/11/2023	0.08445	711.6	0.03789	0.008941	0.00949	0.01481	0.01612	0.005347	0.002918	0.13	-0.001219	0.763	-0.5568	0.06841	0.4098	219192	219195
103754-1	22	M	Ank B	WT	10/11/2023	0.09234	652	0.03474	0.008064	0.008716	0.01867	0.01947	0.009962	0.007392	0.1069	-0.02725	1.008	-0.01907	0.2115	0.4335	200454	200457
103514-1	22	M	Ank B	WT	10/11/2023	0.09234	652	0.03474	0.008064	0.008716	0.01867	0.01947	0.009962	0.007392	0.1069	-0.02725	1.008	-0.01907	0.2115	0.4335	200454	200457
103513-1	22	F	Ank B	WT	10/25/2023	0.08602	698.9	0.0362	0.009626	0.008094	0.02056	0.02224	0.01248	0.009972	0.05834	-0.03864	1.088	-0.07225	0.1054	0.1927	174490	174493
107450-1	22	F	Ank B	WT	11/13/2023	0.9818	76.79	0.1615	0.06391	0.07836	0.2732	0.09591	0.1884	0.08646	0.01226	-0.005948	0.09805	0.03	0.02244	0.005738	15494	15497
107450-2	22	F	Ank B	HET	11/13/2023	0.8709	93.01	0.1482	0.04275	0.0599	0.1311	0.0472	0.06868	0.01229	0.01116	-0.00618	0.05769	-0.01242	-0.003608	0.005834	17460	17463
107450-3	21	F	Ank B	HET	11/13/2023	0.6263	103.3	0.3625	0.4865	0.04636	0.1156	0.04745	0.06865	0.01743	0.001889	-0.009644	0.06473	-0.02929	-0.002928	0.0002258	24290	24293
107450-4	22	F	Ank B	WT	11/20/2023	0.5926	106.1	0.1376	0.01882	0.04842	0.154	0.06453	0.09562	0.01859	0.0005059	-0.02359	0.04557	-0.06814	7.69E-05	0.001198	25670	25673
107447-1	22	M	Ank B	HET	11/13/2023	0.1112	565.9	0.03942	0.01152	0.009719	0.01755	0.01739	0.008491	0.005691	0.02306	0.001996	0.1327	-0.04506	0.007726	0.0293	136780	136783
107785-1	22	F	Ank B	HET	11/13/2023	3.036	70.51	0.169	0.05181	0.03959	0.1318	0.03819	0.08879	0.01441	0.03427	-0.01768	0.3041	-0.1614	-0.008644	0.02691	4990	4993
108169-1	21	M	Ank B	WT	11/20/2023	0.1186	550.7	0.0294	0.009931	0.01116	0.02196	0.02113	0.01146	0.008209	0.0004264	-0.003938	0.05867	-0.0043	0.004548	0.01659	120922	120925
108169-2	21	M	Ank B	HET	11/20/2023	0.1008	599.7	0.03745	0.01135	0.01015	0.01606	0.01626	0.00597	0.003752	0.02249	-0.001234	0.124	-0.09331	0.001119	0.02154	142284	142287
108169-3	21	M	Ank B	WT	11/20/2023	0.1148	542.2	0.02998	0.008	0.01388	0.02519	0.0237	0.01205	0.006272	0.0001499	-0.02247	0.03405	0.001488	0.002969	0.003324	124860	124863
133988-1	21	M	Ank B	HET	1/18/2024	0.09117	660.4	0.03105	0.009877	0.009598	0.0248	0.02604	0.01585	0.01252	-0.001819	-0.01646	0.06736	-0.02193	0.03267	0.04214	163210	163213
023658-1	21	M	WT	WT	12/8/2020	0.09923	612.2	0.03675	0.009255	0.01047	0.01921	0.06107	0.00876	0.005897	0.06326	-0.001612	0.1501	-0.1293	0.03763	0.06176	496905	496908
027096-1	21	M	WT	WT	12/8/2020	0.09462	639.8	0.04117	0.01048	0.01004	0.01984	0.06475	0.009822	0.007221	0.02252	-0.002466	0.1536	-0.09683	0.02401	0.04633	521133	521136
027096-2	21	M	WT	WT	12/8/2020	0.09007	670.4	0.03933	0.01209	0.008345	0.01968	0.06583	0.01134	0.008397	0.05219	0.005659	0.4098	-0.1501	0.07095	0.1102	547406	547409
027096-4	21	M	WT	WT	12/8/2020	0.1036	580.6	0.04246	0.01644	0.008091	0.01889	0.05875	0.0108	0.008015	0.02268	0.00756	0.2805	-0.1283	0.07978	0.1036	475821	475824
007888-1	21	M	WT	WT	5/10/2019	0.1034	588.3	0.03864	0.01729	0.01057	0.02089	0.06509	0.01053	0.007932	0.01628	-0.003386	0.1393	-0.1837	0.02566	0.04447	150354	150357
007768-1	20	M	WT	WT	5/10/2019	0.09286	648.6	0.03831	0.01197	0.008992	0.01748	0.05747	0.008518	0.005811	0.02795	0.000572	0.1732	-0.1022	0.03214	0.06651	167186	167189
007856-1	20	M	WT	WT	5/31/2019	0.1086	567.4	0.03915	0.01136	0.01059	0.0226	0.06876	0.01201	0.006853	0.07704	-0.005824	0.3631	-0.08605	0.06114	0.06906	142380	142383
008097-1	21	M	WT	WT	5/10/2019	0.089	676.4	0.03491	0.008286	0.0101	0.01895	0.06364	0.008899	0.006244	0.05877	-0.005917	0.1921	-0.178	0.04345	0.06826	174516	174519
008097-2	21	M	WT	WT	5/31/2019	0.09867	615.1	0.03331	0.009493	0.01782	0.03415	0.1104	0.01589	0.009171	-0.01085	-0.02724	0.01158	-0.02657	-0.01508	-0.0004825	158212	158215
361076-1	20	M	WT	WT	7/30/2019	0.1541	396.3	0.03147	0.009729	0.01486	0.0244	0.06238	0.009571	0.006859	-0.007697	0.01397	0.2907	-0.3431	0.07804	0.09221	93640	93643
361076-2	20	M	WT	WT	7/31/2019	0.09355	648	0.03547	0.01152	0.01044	0.01929	0.06304	0.009274	0.006536	0.0247	-0.004247	0.1196	-0.1671	0.007302	0.0267	155284	155287
363259-1	20	M	WT	WT	8/6/2019	0.1143	529.7	0.04266	0.01391	0.008426	0.01808	0.05373	0.009667	0.006198	0.08743	-0.01451	0.8736	-0.1839	0.1379	0.1771	123538	123541
363259-2	20	M	WT	WT	8/6/2019	0.09864	617.1	0.035	0.01154	0.01447	0.03518	0.1135	0.01716	0.006091	-0.02498	-0.2245	0.1168	-0.05855	-0.01156	0.01674	143166	143169
363259-3	20	M	WT	WT	8/7/2019	0.09552	633	0.0305	0.01145	0.009172	0.01981	0.06436	0.01064	0.006033	0.03611	-0.008359	0.5	-0.3148	0.104	0.1081	148746	148749
032925-1	22	M	WT	WT	8/26/2021	0.1832	359.2	0.02691	0.01424	0.01044	0.02051	0.04873	0.01005	0.006971	-0.01482	0.134	0.5731	0.009839	0.07463	0.185	78770	78773
032925-2	22	M	WT	WT	8/26/2021	0.1005	607	0.03943	0.01344	0.008388	0.0194	0.06171	0.01103	0.007041	0.07662	0.0001496	0.5927	-0.1618	0.1629	0.196	143582	143585
032925-3	22	M	WT	WT	8/26/2021	0.1105	554.4	0.0402	0.01213	0.01044	0.01825	0.05635	0.008459	0.005113	0.1102	-0.0008867	0.775	-0.362	0.04758	0.057	130618	130621
032925-4	22	M	WT	WT	8/27/2021	0.1578	444.6	0.0357	0.01214	0.01122	0.02375	0.06149	0.01253	0.008685	0.004367	0.0095	0.5141	-0.2092	0.1827	0.2339	94004	94007
032928-1	22	M	WT	WT	8/26/2021	0.098	613.7	0.03763	0.00971	0.01401	0.02008	0.06413	0.005517	0.002815	0.1413	-0.01468	0.5853	-0.2727	-0.008269	0.01843	147226	147229
032928-2	22	M	WT	WT	8/26/2021	0.09806	615.9	0.04103	0.01495	0.009391	0.01885	0.06044	0.009469	0.006617	0.1237	0.01328	0.8138	-0.4961	0.1479	0.2122	147144	147147
032928-3	22	M	WT	WT	8/26/2021	0.1269	521.9	0.03893	0.01468	0.01058	0.02023	0.05877	0.01086	0.007267	0.05821	0.001948	0.1676	0.00141	0.03704	0.04841	113742	113745
033062-1	19	F	WT	WT	12/17/2020	0.09198	657.3	0.03815	0.008872	0.01081	0.01965	0.06439	0.009333	0.006672	0.07637	0.004296	0.4229	-0.1313	0.017	0.03608	985932	985935
033062-2	19	F	WT	WT	12/17/2020	0.09501	637.7	0.03592	0.008657	0.01181	0.01939	0.06286	0.007783	0.004832	0.05491	-0.02801	0.3687	-0.1646	0.03695	0.05317	954555	954558
033062-5	19	F	WT	WT	12/17/2020	0.089	678.2	0.0392	0.01397	0.009127	0.0186	0.06244	0.009531	0.006804	0.06401	0.001862	0.5399	-0.2388	0.06018	0.09976	1019028	1019031
372798-1	20	F	WT	WT	5/7/2019	0.1137	561.4	0.03421	0.01012	0.01232	0.0223	0.06897	0.01009	0.005339	0.008939	-0.00226	0.04947	-0.004702	0.003944	0.006202	136582	136585
372798-2	20	F	WT	WT	5/7/2019	0.09451	643	0.03395	0.01026	0.01448	0.02086	0.06841	0.006727	0.003844	0.03316	-0.03613	0.08445	-0.1107	0.01472	0.03518	164908	164911
372798-4	20	F	WT	WT	5/7/2019	0.09534	633.6	0.04113	0.01233	0.01028	0.01961	0.06374	0.009405	0.005989	0.05576	0.004003	0.2994	-0.04776	0.05582	0.06518	162580	162583
007840-1	23	F	WT	WT	5/7/2019	0.1068	585.2	0.02542	0.01228	0.01657	0.03742	0.1147	0.0205	0.01175	0.02578	-0.656	0.1932	-0.2822	-0.05965	0.06359	135210	135213
007840-2	23	F	WT	WT	5/7/2019	0.09318	648.1	0.03368	0.008476	0.01222	0.02153	0.07061	0.009876	0.005437	-0.004493	0.01149	0.2816	0.03351	0.02272	0.02708	166110	166113
007840-3	23	F	WT	WT	5/7/2019	0.08939	677.2	0.03935	0.01249	0.008159	0.01797	0.0604	0.01003	0.007261	0.02582	-0.006982	0.198	-0.1187	0.02126	0.03603	173878	173881
008136-1	20	F	WT	WT	5/17/2019	0.09294	649.7	0.04042	0.01466	0.008295	0.01932	0.06362	0.01104	0.007376	0.02306	0.004607	0.6255	-0.3175	0.1283	0.1544		
008136-4	20	F	WT	WT	7/3/2019	0.1007	600.4	0.03601	0.009808	0.01535	0.04392	0.1391	0.02828	0.01408	-0.03657	-0.3554	0.1404	-0.01718	0.007494	0.0487	141903	141906
008136-5	20	F	WT	WT	7/3/2019	0.114	559.7	0.0347	0.01048	0.01078	0.01954	0.05916	0.008879	0.005642	0.01318	-0.004061	0.06844	-0.02797	0.02007	0.03289	126294	126297
